Test Accuracy: 0.7393333333333333

              precision    recall  f1-score   support

           0       0.41      0.37      0.39       158
           1       1.00      0.99      1.00       148
           2       1.00      1.00      1.00       145
           3       0.82      0.66      0.74       149
           4       0.39      0.35      0.37       146
           5       0.60      0.64      0.62       152
           6       0.49      0.58      0.53       145
           7       0.69      0.80      0.74       153
           8       1.00      1.00      1.00       149
           9       1.00      1.00      1.00       155

    accuracy                           0.74      1500
   macro avg       0.74      0.74      0.74      1500
weighted avg       0.74      0.74      0.74      1500
