Test Accuracy: 0.74

              precision    recall  f1-score   support

           0       0.40      0.45      0.42       158
           1       0.99      1.00      0.99       148
           2       1.00      1.00      1.00       145
           3       0.76      0.69      0.73       149
           4       0.44      0.14      0.22       146
           5       0.51      0.78      0.62       152
           6       0.60      0.50      0.55       145
           7       0.68      0.82      0.75       153
           8       1.00      1.00      1.00       149
           9       1.00      1.00      1.00       155

    accuracy                           0.74      1500
   macro avg       0.74      0.74      0.73      1500
weighted avg       0.74      0.74      0.73      1500
