Accuracy: 0.7413333333333333
Precision: 0.7372045474274217
Recall: 0.7413333333333333
F1 Score: 0.7356650767499409

              precision    recall  f1-score   support

           0       0.37      0.35      0.36       158
           1       0.99      0.99      0.99       148
           2       1.00      1.00      1.00       145
           3       0.82      0.69      0.75       149
           4       0.41      0.26      0.32       146
           5       0.57      0.70      0.63       152
           6       0.51      0.60      0.55       145
           7       0.71      0.82      0.76       153
           8       1.00      1.00      1.00       149
           9       1.00      1.00      1.00       155

    accuracy                           0.74      1500
   macro avg       0.74      0.74      0.74      1500
weighted avg       0.74      0.74      0.74      1500
