Accuracy: 0.714

              precision    recall  f1-score   support

           0       0.35      0.30      0.33       158
           1       1.00      1.00      1.00       148
           2       1.00      1.00      1.00       144
           3       0.74      0.59      0.66       150
           4       0.27      0.28      0.27       145
           5       0.59      0.60      0.60       153
           6       0.51      0.58      0.54       145
           7       0.71      0.79      0.75       153
           8       1.00      1.00      1.00       149
           9       1.00      1.00      1.00       155

    accuracy                           0.71      1500
   macro avg       0.72      0.72      0.71      1500
weighted avg       0.72      0.71      0.71      1500
