Accuracy: 0.7346666666666667

              precision    recall  f1-score   support

           0       0.39      0.48      0.43       158
           1       1.00      1.00      1.00       148
           2       0.99      1.00      1.00       144
           3       0.74      0.74      0.74       150
           4       0.22      0.06      0.09       145
           5       0.52      0.78      0.63       153
           6       0.56      0.46      0.51       145
           7       0.73      0.82      0.77       153
           8       0.99      0.99      0.99       149
           9       1.00      1.00      1.00       155

    accuracy                           0.73      1500
   macro avg       0.71      0.73      0.72      1500
weighted avg       0.71      0.73      0.72      1500
