Accuracy: 0.7286666666666667

              precision    recall  f1-score   support

           0       0.35      0.33      0.34       158
           1       0.99      1.00      1.00       148
           2       1.00      1.00      1.00       144
           3       0.78      0.71      0.74       150
           4       0.27      0.21      0.24       145
           5       0.55      0.69      0.61       153
           6       0.52      0.54      0.53       145
           7       0.76      0.82      0.79       153
           8       1.00      1.00      1.00       149
           9       1.00      1.00      1.00       155

    accuracy                           0.73      1500
   macro avg       0.72      0.73      0.72      1500
weighted avg       0.72      0.73      0.72      1500
